1420
1431
1437
1407
1407
1403
1401
1414
1398
1392
1385
1416
1425
1425
1377
1403
1361
1390
1407
1383
1357
1351
1351
1351
1351
1351
1351
1338
1409
1381
1362
1340
1355
1388
1305
1361
1337
1311
1309
1292
1300
1327
1361
1355
1346
1346
1346
1344
1344
1344
1344
1344
1372
1422
1474
1525
1579
1632
1766
1819
1878
1939
2001
2042
2069
2125
2186
2248
2315
2382
2438
2511
2572
2636
2701
2766
2830
2895
2975
3038
3101
3203
3157
3231
3290
3351
3407
3477
3541
3606
3720
3774
3843
3923
3904
3970
4024
4027
4027
4027
4027
4027
4014
4001
4001
4011
4011
3983
3964
3964
3962
3960
3958
3958
3958
3958
3966
3966
3966
3962
3968
3968
3966
3960
3958
3958
3955
3972
3990
3981
3979
3977
3986
3983
4000
4020
4059
4018
4009
4055
4029
4009
3966
4016
4016
4014
4020
4079
4077
4077
4077
4079
4079
4042
4051
4057
4072
4074
4070
4035
4070
4046
4040
4053
4066
4057
4057
4057
4057
3979
4055
4072
4057
4029
3983
4007
4029
4061
4057
4007
4059
4061
3996
3996
4009
4038
4050
3930
4009
4048
4050
4051
4020
3957
3945
3994
3990
4027
4040
4040
4007
3914
3944
4031
3996
3968
3955
3901
3981
3888
4011
3960
3914
3968
3973
3845
3863
3902
3850
3861
3886
3983
3865
3875
3884
3886
3893
3891
3856
3856
3897
3852
3867
3878
3899
3925
3878
3899
3910
3964
3962
3962
3960
3970
3972
3973
3938
3945
3953
3960
3962
3958
3949
3934
3955
3945
3947
3932
3938
3953
3940
3929
3893
3940
3906
3916
3919
3906
3930
3934
3934
3934
3932
3932
3912
3914
3893
3917
3929
3925
3916
3882
3923
3897
3895
3873
3869
3871
3908
3906
3871
3906
3852
3839
3854
3873
3847
3889
3904
3897
3852
3875
3871
3882
3878
3886
3899
3899
3828
3807
3843
3863
3865
3880
3869
3787
3871
3807
3873
3843
3858
3854
3819
3826
3871
3880
3792
3869
3876
3833
3804
3852
3848
3779
3835
3847
3766
3802
3755
3757
3759
3735
3746
3729
3832
3837
3819
3770
3725
3819
3735
3722
3718
3755
3727
3731
3716
3718
3718
3718
3718
3722
3783
3757
3759
3768
3725
3733
3779
3722
3770
3809
3813
3710
3740
3701
3725
3729
3781
3731
3727
3764
3729
3727
3733
3718
3768
3725
3723
3729
3772
3779
3707
3712
3748
3699
3763
3716
3701
3766
3764
3705
3695
3735
3714
3712
3738
3766
3746
3759
3695
3697
3707
3688
3690
3727
3686
3688
3701
3710
3675
3725
3751
3744
3742
3731
3740
3742
3744
3746
3740
3744
3735
3720
3722
3694
3718
3733
3727
3723
3690
3680
3718
3699
3705
3707
3697
3714
3718
3718
3718
3703
3701
3703
3697
3701
3705
3708
3708
3697
3682
3680
3688
3703
3708